blue : [0, 212, 32, 65, 101, 137, 142, 220, 12, 84, 246, 4, 6, 48, 62, 223, 53, 203, 2, 89, 161, 3, 13, 23, 39, 92, 95, 135, 60, 87, 31, 38, 167, 173, 245] 
orange : [204, 30, 110, 248, 138, 181, 209, 64, 171, 118, 170, 16, 55, 150, 194, 19, 52, 106, 35, 45, 120, 242, 37, 81, 86, 200, 9, 175, 224, 247, 133, 234, 25, 74, 162, 46, 216, 237, 69, 127] 
green : [44, 114, 214, 188, 8, 77, 146, 172, 104, 149, 182, 164, 189, 42, 128, 129, 174, 117, 158, 238, 56, 76, 105, 18, 67, 107, 183, 61, 63, 90] 
red : [202, 144, 207, 57, 71, 108, 179, 24, 226, 91, 28, 78, 155, 249, 1, 20, 217, 17, 51, 147, 243, 100, 115, 169, 98, 141, 154, 215, 22, 33, 85, 136, 10, 96, 111] 
purple : [222, 97, 156, 152, 184, 240, 187, 109, 145, 41, 70, 201, 5, 40, 72, 113, 124, 112, 227, 153, 192, 229, 14, 94, 99, 130, 131, 236, 66, 195, 123, 132, 199] 
brown : [225, 93, 58, 210, 230, 143, 151, 26, 79, 82, 119, 121, 196, 232, 29, 165, 235, 75, 177, 159, 233, 103, 140, 166, 228, 34, 36, 178, 126, 206] 
pink : [49, 219, 231, 7, 68, 244, 163, 198, 21, 50, 134, 213, 239, 47, 102, 116, 186, 83, 193, 241, 54, 73, 88] 
gray : [15, 191, 168, 221, 157, 185, 11, 27, 190, 218, 180] 
olive : [160, 80, 122, 43, 197, 211, 208] 
cyan : [176, 205, 59, 125] 
